0
1
2
3
4
5
6
7
8
9
IMAGE
C:/Temorary/DSCF5435.JPG
###### check this line!
IMAGE
C:/Temorary/DSCF5457.JPG
###### check this line!
#FEND
CUBE
0
1
cube
2.7,-0.4,-3.75
0.990757,0.0248247,-0.133365
-0.00321011,0.98713,0.159898
0.135618,-0.157992,0.978086
6.30001,0.5,5.45
###### check this line!
CUBE
1
101
cube
-2.85,-2.2,2.4
1,0,0
0,1,0
0,0,1
0.5,3.9,0.55
###### check this line!
CUBE
1
102
cube
2.85,-2.8,2.4
0.999391,0.0348995,1.03961e-009
-0.0348995,0.999391,-3.6304e-011
-1.04024e-009,0,1
0.6,4.95,0.5
###### check this line!
CUBE
1
103
cube
-2.8,-2.45,-2.45
0.999391,0.0348995,0
-0.0348995,0.999391,0
0,0,1
0.35,4.25,0.5
###### check this line!
QUAD
1
104
quad
1.05,-4.6,-1.95
1,0,0
0,7.20951e-008,-1
0,1,7.20951e-008
20.85,13.6,1
-0.5,0.5,0
-0.5,-0.5,0
0.5,-0.5,0
0.5,0.5,0
###### check this line!
CUBE
104
10401
cube
22.9999,14.35,11.45
0.997261,-0.052336,0.0522643
0.0522643,0.99863,0.00273905
-0.052336,0,0.99863
1.2,5.95,23.6999
###### check this line!
QUAD
104
10402
quad
16.3,3.25,0.049998
1,0,0
0,1,0
0,0,1
11.8,20.4,1
-0.5,0.5,0
-0.5,-0.5,0
0.5,-0.5,0
0.5,0.5,0
###### check this line!
QUAD
10402
1040201
quad
-2,-1,-3
1,0,0
0,1,0
0,0,1
1,1,1
-0.5,0.5,0
-0.5,-0.5,0
0.5,-0.5,0
0.5,0.5,0
###### check this line!
